1916.361351 -15.7481 0.0017 -15.74844207203665 
1916.366454 -15.7495 0.0014 -15.748201725686894 
1916.371778 -15.7477 0.0013 -15.74796120933855 
1916.376697 -15.7467 0.0014 -15.747748282291328 
1916.381777 -15.7478 0.0013 -15.747537754712663 
1916.386835 -15.746 0.0015 -15.746745328568528 
1916.3918 -15.7444 0.0016 -15.744805987946728 
1916.399716 -15.7451 0.0019 -15.743684945426772 
1916.41321 -15.7448 0.0012 -15.742915496590483 
1916.418128 -15.7415 0.0013 -15.742919394484748 
1916.423371 -15.7455 0.0015 -15.743064361458455 
1916.428753 -15.7434 0.0017 -15.743344951618273 
1916.433613 -15.7439 0.0016 -15.743695440754761 
1916.438671 -15.7454 0.0016 -15.744139860135974 
1916.443925 -15.7447 0.0016 -15.744667424279855 
1916.448983 -15.75 0.0016 -15.745218767873657 
1916.454237 -15.7472 0.0019 -15.745815314895246 
1916.459422 -15.7453 0.0018 -15.74640655387988 
1916.464421 -15.7481 0.0019 -15.746959070211712 
1916.469525 -15.7492 0.002 -15.747485712214134 
1916.475161 -15.7471 0.0017 -15.747999851556518 
1916.480091 -15.7482 0.0016 -15.748372100924632 
1916.485241 -15.7474 0.0019 -15.748665009687947 
1916.489998 -15.7485 0.0022 -15.748833165237437 
1916.495541 -15.7475 0.002 -15.748886766141819 
1916.500888 -15.7479 0.002 -15.748775052672492 
1916.505992 -15.749 0.0021 -15.748500150445839 
1916.510853 -15.7474 0.0015 -15.7480597239927 
1916.516107 -15.7481 0.0018 -15.747274112936115 
1916.521454 -15.7463 0.002 -15.74547843492227 
1916.526407 -15.7463 0.0016 -15.745537534753485 
1916.531349 -15.745 0.002 -15.745605522652843 
1916.536881 -15.7433 0.0016 -15.74569231413716 
1916.54188 -15.7458 0.0014 -15.745780453141338 
1916.546915 -15.7432 0.0014 -15.745878545006235 
1916.552285 -15.748 0.0015 -15.745993468903288 
1916.557377 -15.7481 0.0015 -15.746112268880614 
1916.562677 -15.747 0.0014 -15.74624608016332 
1916.567908 -15.7451 0.0014 -15.746388309747898 
1916.573001 -15.7463 0.0014 -15.74653648503131 
1916.577676 -15.7467 0.0014 -15.746680921590958 
1916.583359 -15.7472 0.0016 -15.746867357811936 
1916.588439 -15.747 0.0014 -15.747044096498183 
