1916.361351 -15.7481 0.0017 -15.748377508560285 
1916.366454 -15.7495 0.0014 -15.748125599333017 
1916.371778 -15.7477 0.0013 -15.747873768838621 
1916.376697 -15.7467 0.0014 -15.74765106858001 
1916.381777 -15.7478 0.0013 -15.74743113370114 
1916.386835 -15.746 0.0015 -15.74718703108352 
1916.3918 -15.7444 0.0016 -15.744754237006202 
1916.399716 -15.7451 0.0019 -15.743604670768502 
1916.41321 -15.7448 0.0012 -15.742881898954389 
1916.418128 -15.7415 0.0013 -15.742903024520482 
1916.423371 -15.7455 0.0015 -15.74306328027283 
1916.428753 -15.7434 0.0017 -15.743355513626403 
1916.433613 -15.7439 0.0016 -15.743712724223247 
1916.438671 -15.7454 0.0016 -15.744160297202159 
1916.443925 -15.7447 0.0016 -15.744687147124248 
1916.448983 -15.75 0.0016 -15.745234242362718 
1916.454237 -15.7472 0.0019 -15.745823074845058 
1916.459422 -15.7453 0.0018 -15.746403878006742 
1916.464421 -15.7481 0.0019 -15.746944184583757 
1916.469525 -15.7492 0.002 -15.747456744822 
1916.475161 -15.7471 0.0017 -15.747954173899377 
1916.480091 -15.7482 0.0016 -15.748311485836302 
1916.485241 -15.7474 0.0019 -15.748589201444284 
1916.489998 -15.7485 0.0022 -15.748744375704723 
1916.495541 -15.7475 0.002 -15.74878508164403 
1916.500888 -15.7479 0.002 -15.748664380952109 
1916.505992 -15.749 0.0021 -15.748385568334829 
1916.510853 -15.7474 0.0015 -15.74794807750482 
1916.516107 -15.7481 0.0018 -15.747184022438399 
1916.521454 -15.7463 0.002 -15.745386138836162 
1916.526407 -15.7463 0.0016 -15.745455418227127 
1916.531349 -15.745 0.002 -15.745534223300416 
1916.536881 -15.7433 0.0016 -15.745633905652326 
1916.54188 -15.7458 0.0014 -15.745734404269815 
1916.546915 -15.7432 0.0014 -15.745845626850006 
1916.552285 -15.748 0.0015 -15.745975309480395 
1916.557377 -15.7481 0.0015 -15.746108823385807 
1916.562677 -15.747 0.0014 -15.746258693248679 
1916.567908 -15.7451 0.0014 -15.746417516096534 
1916.573001 -15.7463 0.0014 -15.746582556786288 
1916.577676 -15.7467 0.0014 -15.746743091086598 
1916.583359 -15.7472 0.0016 -15.746949890701726 
1916.588439 -15.747 0.0014 -15.74714557029553 
